1 10
100 200
201 210
900 1000
9000 10000
1 1
5 10
10 10
9999 10000
1390 4104
2 4
23 32
38999 21092
556 1483
1488 9438
2489 2940
299 1293
1752 3819
2045 6671
4891 5748
4278 9402
49 94
05 15
1378 4981
60001 61000
64 84
4013 4401
1111 1
10 10
400 400
1 106
9431 4900
4999 1900
4819 5677
48 84
8299 6478
1000 10000
2773 3773
10 5000
2000 2020
1997 2323
174 894
15 105
8 80
18888 74310
69 69
5837 8593
89435 23489
1 20
20 49
9999 9910
2489 4829
4289 5499
90 84
8924 1293
4892 8294
8912 4829
60942 42908
39 93
4892 9824
6728 1944
42367 76247
8924 4824
300 301
489 849
550 10
4890 4904
89 429
9025 2489
2478 9424
8493 9042
192 480
4892 9558
99410 49980
74827 84928
85247 24892
8954 7255
1000 400
48297 48294
347 47284
49274 4829
4238 7
90 91
24 4893
89 9004
4204 89
7593 2498
78482 74285
9755 9857
894 498
4825 9528
48 84
238 9403
100 10
44 999
777 776
4893 8923
849 8943
23 843
723 894
892 4392
4 50
250 10
489 999
50 50
